201811014
201811034
201811183
201811203
201911024
201911090
202011031
202011052
202011087
202011101
202011115
202011144
202011156
202011187
202011188
202111008
202111012
202111021
202111022
202111024
202111033
202111038
202111041
202111051
202111053
202111058
202111079
202111085
202111093
202111103
202111104
202111107
202111111
202111119
202111122
202111124
202111125
202111139
202111141
202111161
202111163
202111164
202111170
202211005
202211020
202211044
202211052
202211053
202211071
202211075
202211076
202211099
202211102
202211106
202211120
202211152
202211158
202211170
202211178
202211187
202211192
202211194
202211195
202211202
202211212
202211214
202211220
202311001
202311005
202311014
202311020
202311026
202311046
202311051
202311053
202311054
202311055
202311057
202311063
202311064
202311069
202311074
202311075
202311077
202311083
202311086
202311088
202311091
202311097
202311098
202311104
202311106
202311122
202311123
202311127
202311129
202311140
202311143
202311144
202311148
202311150
202311151
202311152
202311155
202311158
202311160
202311162
202311169
202311170
202311172
202311182
202311193
202311196
202311206
202311211
202311213
202311214
202311215
202311216
202411048
