201811014
201811034
201811203
201911024
202011031
202011052
202011101
202011156
202011188
202111012
202111024
202111041
202111053
202111079
202111103
202111111
202111122
202111124
202111125
202111141
202111161
202111163
202211005
202211044
202211053
202211071
202211075
202211076
202211099
202211102
202211152
202211158
202211178
202211187
202211194
202211212
202211214
202211220
202311005
202311020
202311046
202311053
202311054
202311055
202311074
202311083
202311086
202311097
202311106
202311122
202311140
202311148
202311151
202311152
202311169
202311172
202311182
202311193
202311196
202311213
202311214
202311215
202411048
